eta_0 = [0 0 0];
nu_0 =[0 0 0];